1852,136,2355,140,2355,189,1852,185
809,182,947,182,947,217,809,217
825,262,931,262,931,294,825,294
1094,268,1145,268,1145,297,1094,297
1315,268,1369,268,1369,300,1315,300
1440,272,1497,272,1497,300,1440,300
1584,272,1635,272,1635,300,1584,300
1715,272,1769,272,1769,304,1715,304
1968,275,2022,275,2022,304,1968,304
2224,275,2278,275,2278,304,2224,304
2396,275,2569,275,2569,307,2396,307
2697,278,2752,278,2752,310,2697,310
2827,281,2937,275,2938,307,2829,313
3059,281,3168,281,3168,310,3059,310
3312,284,3366,284,3366,316,3312,316
809,323,940,323,940,352,809,352
1024,326,1209,326,1209,355,1024,355
1308,329,1366,329,1366,358,1308,358
1433,329,1504,329,1504,358,1433,358
1568,329,1644,329,1644,361,1568,361
1964,332,2022,332,2022,364,1964,364
2224,336,2281,336,2281,364,2224,364
2563,342,2624,342,2624,368,2563,368
2627,342,2643,342,2643,368,2627,368
2985,339,3244,339,3244,371,2985,371
2732,345,2780,345,2780,368,2732,368
2787,345,2803,345,2803,368,2787,368
3296,345,3382,345,3382,377,3296,377
809,384,873,384,873,406,809,406
873,384,940,384,940,406,873,406
1017,380,1209,380,1209,409,1017,409
1305,384,1363,384,1363,412,1305,412
1430,387,1500,387,1500,412,1430,412
1564,387,1644,387,1644,416,1564,416
1939,390,2048,390,2048,419,1939,419
2224,393,2281,393,2281,422,2224,422
2588,400,2643,400,2643,422,2588,422
2736,400,2780,400,2780,425,2736,425
2787,403,2803,403,2803,422,2787,422
2985,400,3244,400,3244,428,2985,428
3293,400,3393,405,3391,436,3291,431
806,438,870,438,870,464,806,464
870,438,937,438,937,460,870,460
1017,435,1206,435,1206,464,1017,464
1305,438,1360,438,1360,467,1305,467
1427,441,1497,441,1497,467,1427,467
1564,441,1641,441,1641,470,1564,470
1964,444,2019,444,2019,476,1964,476
2224,451,2281,451,2281,476,2224,476
2576,454,2608,454,2608,480,2576,480
2614,454,2643,454,2643,480,2614,480
2720,454,2764,454,2764,480,2720,480
2771,454,2803,454,2803,480,2771,480
2988,454,3244,454,3244,483,2988,483
3296,460,3385,460,3385,492,3296,492
803,492,867,492,867,518,803,518
867,492,934,492,934,518,867,518
1014,489,1203,489,1203,518,1014,518
1302,492,1356,492,1356,521,1302,521
1427,499,1497,499,1497,521,1427,521
1561,496,1641,496,1641,524,1561,524
1964,502,2019,502,2019,531,1964,531
2224,505,2281,505,2281,534,2224,534
2521,512,2560,512,2560,537,2521,537
2560,508,2608,508,2608,537,2560,537
2614,508,2643,508,2643,534,2614,534
2707,508,2764,508,2764,537,2707,537
2771,508,2803,508,2803,537,2771,537
3296,514,3386,518,3385,549,3294,545
796,550,931,550,931,572,796,572
1011,547,1196,547,1196,576,1011,576
1299,550,1353,550,1353,579,1299,579
1424,550,1494,550,1494,579,1424,579
1558,550,1638,550,1638,582,1558,582
1948,556,2032,556,2032,588,1948,588
2224,563,2281,563,2281,592,2224,592
2707,566,2771,566,2771,595,2707,595
2774,566,2803,566,2803,595,2774,595
3293,569,3396,576,3394,609,3290,602
790,601,928,601,928,630,790,630
1004,601,1193,601,1193,630,1004,630
1296,604,1350,604,1350,633,1296,633
1420,608,1491,608,1491,633,1420,633
1555,608,1638,608,1638,636,1555,636
1923,611,2054,611,2054,643,1923,643
2224,624,2281,624,2281,646,2224,646
2560,620,2608,620,2608,649,2560,649
2524,627,2560,627,2560,649,2524,649
2617,627,2646,627,2646,649,2617,649
2707,624,2774,624,2774,652,2707,652
2774,624,2806,624,2806,652,2774,652
2988,627,3248,627,3248,656,2988,656
3292,630,3395,630,3395,662,3292,662
787,656,921,656,921,684,787,684
1001,659,1190,659,1190,684,1001,684
1292,659,1350,659,1350,691,1292,691
1417,662,1491,662,1491,691,1417,691
1555,662,1635,662,1635,694,1555,694
1932,668,2041,668,2041,700,1932,700
2220,675,2278,675,2278,704,2220,704
2601,678,2646,678,2646,707,2601,707
2707,678,2768,678,2768,707,2707,707
2774,681,2806,681,2806,707,2774,707
2988,680,3248,684,3247,714,2988,710
3299,688,3398,688,3398,720,3299,720
784,713,918,713,918,742,784,742
998,713,1187,713,1187,742,998,742
1289,716,1347,716,1347,745,1289,745
1414,720,1488,720,1488,748,1414,748
1552,720,1632,720,1632,752,1552,752
1923,726,2054,726,2054,758,1923,758
2220,732,2278,732,2278,761,2220,761
2547,736,2608,736,2608,764,2547,764
2617,742,2646,742,2646,764,2617,764
2707,739,2768,739,2768,764,2707,764
2774,739,2806,739,2806,764,2774,764
2995,745,3251,745,3251,771,2995,771
3296,745,3398,745,3398,777,3296,777
784,774,848,774,848,800,784,800
848,774,915,774,915,796,848,796
995,771,1184,771,1184,800,995,800
1286,774,1344,774,1344,803,1286,803
1414,780,1484,780,1484,803,1414,803
1552,777,1632,777,1632,806,1552,806
1932,780,2041,780,2041,812,1932,812
2220,790,2278,790,2278,816,2220,816
2566,796,2608,796,2608,819,2566,819
2614,793,2646,793,2646,822,2614,822
2707,793,2774,793,2774,822,2707,822
2774,796,2806,796,2806,822,2774,822
2992,795,3251,799,3251,829,2991,825
3302,803,3392,803,3392,835,3302,835
774,825,908,825,908,854,774,854
992,825,1180,825,1180,854,992,854
1283,828,1340,828,1340,857,1283,857
1411,832,1481,832,1481,860,1411,860
1548,832,1628,832,1628,864,1548,864
1958,838,2012,838,2012,870,1958,870
2220,844,2278,844,2278,873,2220,873
2608,854,2646,854,2646,876,2608,876
2710,851,2768,851,2768,880,2710,880
2777,851,2806,851,2806,880,2777,880
2992,852,3251,856,3251,887,2991,883
3302,860,3395,860,3395,889,3302,889
771,883,905,883,905,911,771,911
988,883,1177,883,1177,911,988,911
1280,886,1337,886,1337,915,1280,915
1408,889,1481,889,1481,918,1408,918
1545,889,1625,889,1625,921,1545,921
1958,896,2012,896,2012,928,1958,928
2220,902,2278,902,2278,931,2220,931
2608,912,2646,912,2646,937,2608,937
2710,908,2768,908,2768,937,2710,937
2777,912,2806,912,2806,937,2777,937
2992,910,3254,915,3254,947,2991,942
3305,918,3395,918,3395,950,3305,950
768,943,902,943,902,969,768,969
982,940,1174,940,1174,969,982,969
1280,944,1334,944,1334,972,1280,972
1404,947,1478,947,1478,976,1404,976
1545,947,1625,947,1625,979,1545,979
1958,953,2009,953,2009,985,1958,985
2217,960,2278,960,2278,988,2217,988
2524,969,2560,969,2560,992,2524,992
2560,966,2608,966,2608,992,2560,992
2617,966,2646,966,2646,992,2617,992
2697,966,2768,966,2768,995,2697,995
2780,972,2809,972,2809,995,2780,995
3305,976,3398,976,3398,1004,3305,1004
761,995,899,995,899,1027,761,1027
979,998,1171,998,1171,1027,979,1027
1276,1001,1331,1001,1331,1030,1276,1030
1401,1004,1475,1004,1475,1033,1401,1033
1542,1004,1622,1004,1622,1036,1542,1036
1942,1008,2022,1008,2022,1043,1942,1043
2220,1020,2278,1020,2278,1043,2220,1043
2697,1024,2771,1024,2771,1052,2697,1052
2777,1024,2809,1024,2809,1052,2777,1052
3302,1028,3409,1032,3407,1066,3301,1062
758,1059,892,1059,892,1084,758,1084
976,1056,1168,1056,1168,1084,976,1084
1273,1059,1331,1059,1331,1088,1273,1088
1398,1062,1472,1062,1472,1091,1398,1091
1539,1062,1622,1062,1622,1094,1539,1094
1955,1068,2009,1068,2009,1100,1955,1100
2217,1075,2278,1075,2278,1104,2217,1104
2553,1084,2608,1084,2608,1110,2553,1110
2617,1081,2646,1081,2646,1110,2617,1110
2697,1084,2771,1084,2771,1110,2697,1110
2777,1084,2806,1084,2806,1110,2777,1110
2998,1089,3257,1092,3257,1120,2998,1116
3308,1091,3404,1091,3404,1123,3308,1123
752,1110,889,1110,889,1142,752,1142
972,1113,1164,1113,1164,1142,972,1142
1270,1116,1328,1116,1328,1148,1270,1148
1398,1120,1472,1120,1472,1148,1398,1148
1539,1123,1619,1123,1619,1152,1539,1152
1952,1126,2009,1126,2009,1158,1952,1158
2217,1132,2275,1132,2275,1161,2217,1161
2617,1139,2649,1139,2649,1168,2617,1168
2697,1142,2774,1142,2774,1171,2697,1171
2777,1142,2809,1142,2809,1171,2777,1171
2995,1143,3257,1147,3257,1178,2994,1174
3312,1148,3404,1148,3404,1180,3312,1180
745,1171,883,1171,883,1199,745,1199
966,1171,1161,1171,1161,1203,966,1203
1267,1174,1324,1174,1324,1206,1267,1206
1395,1180,1468,1180,1468,1206,1395,1206
1536,1180,1619,1180,1619,1209,1536,1209
1952,1184,2009,1184,2009,1216,1952,1216
2217,1190,2275,1190,2275,1222,2217,1222
2579,1196,2649,1196,2649,1225,2579,1225
2697,1200,2771,1200,2771,1228,2697,1228
2780,1203,2809,1203,2809,1228,2780,1228
2998,1201,3258,1205,3257,1236,2997,1231
3312,1209,3408,1209,3408,1238,3312,1238
739,1232,880,1232,880,1260,739,1260
963,1232,1158,1232,1158,1260,963,1260
1264,1235,1321,1235,1321,1267,1264,1267
1392,1238,1465,1238,1465,1267,1392,1267
1532,1241,1616,1241,1616,1270,1532,1270
1926,1244,2035,1244,2035,1276,1926,1276
2217,1251,2275,1251,2275,1280,2217,1280
2576,1257,2649,1257,2649,1286,2576,1286
2713,1260,2774,1260,2774,1286,2713,1286
2780,1264,2809,1264,2809,1289,2780,1289
2998,1261,3261,1265,3260,1296,2998,1292
3315,1267,3411,1267,3411,1299,3315,1299
736,1289,873,1289,873,1318,736,1318
960,1289,1155,1289,1155,1321,960,1321
1260,1296,1318,1296,1318,1324,1260,1324
1388,1299,1462,1299,1462,1328,1388,1328
1532,1299,1612,1299,1612,1331,1532,1331
1936,1305,2019,1305,2019,1337,1936,1337
2214,1312,2275,1312,2275,1340,2214,1340
2566,1321,2611,1321,2611,1344,2566,1344
2617,1318,2649,1318,2649,1344,2617,1344
2713,1318,2774,1318,2774,1347,2713,1347
2780,1321,2809,1321,2809,1347,2780,1347
2998,1319,3261,1323,3260,1354,2998,1350
3312,1328,3420,1328,3420,1360,3312,1360
729,1350,870,1350,870,1379,729,1379
953,1347,1152,1352,1151,1383,953,1379
1257,1353,1315,1353,1315,1385,1257,1385
1388,1356,1462,1356,1462,1385,1388,1385
1529,1356,1612,1356,1612,1388,1529,1388
1948,1363,2003,1363,2003,1395,1948,1395
2214,1369,2275,1369,2275,1401,2214,1401
2592,1376,2649,1376,2649,1404,2592,1404
2713,1379,2774,1379,2774,1408,2713,1408
2780,1379,2809,1379,2809,1408,2780,1408
2998,1380,3264,1384,3263,1415,2998,1411
3318,1385,3414,1385,3414,1420,3318,1420
723,1411,864,1411,864,1440,723,1440
950,1408,1149,1413,1148,1444,949,1439
1257,1414,1312,1414,1312,1446,1257,1446
1385,1417,1459,1417,1459,1446,1385,1446
1526,1420,1609,1420,1609,1452,1526,1452
1948,1424,2003,1424,2003,1459,1948,1459
2214,1430,2275,1430,2275,1459,2214,1459
2592,1436,2649,1436,2649,1465,2592,1465
2713,1440,2774,1440,2774,1465,2713,1465
2784,1446,2809,1446,2809,1468,2784,1468
3001,1443,3126,1443,3126,1472,3001,1472
3123,1442,3264,1446,3263,1476,3122,1472
3318,1443,3418,1447,3417,1482,3317,1478
716,1472,860,1472,860,1500,716,1500
944,1468,1146,1472,1145,1504,943,1500
1254,1475,1312,1475,1312,1507,1254,1507
1382,1478,1456,1478,1456,1507,1382,1507
1526,1478,1606,1478,1606,1510,1526,1510
1945,1484,2003,1484,2003,1516,1945,1516
2214,1491,2275,1491,2275,1520,2214,1520
2604,1497,2649,1497,2649,1526,2604,1526
2713,1497,2774,1497,2774,1526,2713,1526
2780,1500,2809,1500,2809,1526,2780,1526
3001,1501,3267,1506,3267,1536,3001,1531
3321,1507,3420,1507,3420,1539,3321,1539
710,1532,854,1532,854,1561,710,1561
940,1532,1142,1532,1142,1561,940,1561
1251,1536,1308,1536,1308,1564,1251,1564
1382,1539,1456,1539,1456,1568,1382,1568
1523,1539,1606,1539,1606,1571,1523,1571
1692,1542,1721,1542,1721,1571,1692,1571
1946,1540,2005,1545,2002,1579,1943,1573
2214,1552,2275,1552,2275,1580,2214,1580
2604,1555,2649,1555,2649,1584,2604,1584
2713,1555,2777,1555,2777,1587,2713,1587
2780,1558,2809,1558,2809,1587,2780,1587
3001,1561,3267,1561,3267,1593,3001,1593
3324,1568,3424,1568,3424,1600,3324,1600
704,1593,844,1593,844,1625,704,1625
934,1593,1139,1593,1139,1625,934,1625
1248,1596,1305,1596,1305,1628,1248,1628
1379,1600,1452,1600,1452,1628,1379,1628
1523,1600,1603,1600,1603,1632,1523,1632
1916,1602,2029,1606,2028,1640,1915,1636
2214,1612,2272,1612,2272,1641,2214,1641
2579,1616,2649,1616,2649,1644,2579,1644
2713,1614,2776,1619,2774,1649,2711,1644
2780,1619,2809,1619,2809,1648,2780,1648
3004,1622,3129,1622,3129,1654,3004,1654
3126,1625,3271,1628,3270,1658,3125,1655
3324,1632,3424,1632,3424,1660,3324,1660
697,1657,841,1657,841,1686,697,1686
931,1657,1136,1657,1136,1686,931,1686
1244,1657,1302,1657,1302,1686,1244,1686
1376,1660,1452,1660,1452,1689,1376,1689
1520,1660,1603,1660,1603,1692,1520,1692
1943,1662,2002,1667,1999,1700,1940,1695
2214,1673,2272,1673,2272,1702,2214,1702
2604,1676,2649,1676,2649,1705,2604,1705
2713,1676,2774,1676,2774,1705,2713,1705
2780,1680,2809,1680,2809,1708,2780,1708
3004,1683,3270,1683,3270,1715,3004,1715
3328,1689,3427,1689,3427,1721,3328,1721
691,1718,838,1718,838,1750,691,1750
928,1718,1132,1718,1132,1747,928,1747
1241,1718,1302,1718,1302,1750,1241,1750
1376,1718,1449,1718,1449,1747,1376,1747
1520,1718,1603,1718,1603,1750,1520,1750
1686,1721,1718,1721,1718,1750,1686,1750
1913,1724,2028,1724,2028,1756,1913,1756
2211,1731,2272,1731,2272,1760,2211,1760
2521,1734,2560,1734,2560,1763,2521,1763
2563,1734,2617,1734,2617,1763,2563,1763
2617,1734,2649,1734,2649,1763,2617,1763
2700,1737,2780,1737,2780,1766,2700,1766
2780,1740,2809,1740,2809,1766,2780,1766
2873,1740,2956,1740,2956,1776,2873,1776
2960,1744,2982,1744,2982,1776,2960,1776
3004,1737,3280,1743,3279,1784,3004,1778
3318,1750,3408,1750,3408,1782,3318,1782
761,1766,880,1766,880,1798,761,1798
1644,1769,1753,1769,1753,1798,1644,1798
921,1782,1129,1782,1129,1814,921,1814
2995,1786,3124,1790,3123,1821,2994,1817
2368,1792,2467,1792,2467,1824,2368,1824
3136,1789,3281,1795,3279,1827,3134,1820
2476,1795,2649,1795,2649,1824,2476,1824
672,1801,803,1801,803,1833,672,1833
1657,1801,1740,1801,1740,1833,1657,1833
3078,1827,3222,1827,3222,1859,3078,1859
3228,1827,3356,1827,3356,1862,3228,1862
